1938 8.07
1939 5.21
1940 6.05
1941 8.04
1942 7.46
1943 6.53
1944 7.53
1945 6.84
1946 8.03
1947 7.45
1948 7.49
1949 8.73
1950 6.99
1951 7.66
1952 8.38
1953 8.85
1954 7.74
1955 8.48
1956 7.1
1957 8.0
1958 7.47
1959 8.3
1960 7.67
1961 8.08
1962 7.39
1963 7.29
1964 7.13
1965 6.4
1966 6.89
1967 6.53
1968 6.69
1969 6.87
1970 6.72
1971 7.07
1972 5.92
1973 7.94
1974 6.78
1975 7.67
1976 6.22
1977 7.02
1978 6.22
1979 6.84
1980 6.62
1981 7.14
1982 6.82
1983 7.77
1984 7.29
1985 7.2
1986 7.53
1987 8.52
1988 7.84
1989 7.02
1990 8.72
1991 8.88
1992 7.02
1993 7.18
1994 7.34
1995 7.78
1996 7.15
1997 7.56
1998 10.13
1999 9.46
2000 8.25
2001 9.64
2002 9.42
2003 7.91
2004 8.23
2005 9.02
2006 9.7
2007 8.91
2008 8.22
2009 7.97
2010 7.6
2011 9.09
2012 10.48
2013 8.25
2014 7.46
2015 8.57
2016 10.08
2017 9.27
2018 9.09
